Eigenvalues: 
[30.63135751629417, 10.720370860353238, -9.5499783878973048, 7.342820917900867, 3.2095511305467403, -0.73215981818361731]

Eigenvectors: 
[[ 0.43816771 -0.47215001  0.4115056  -0.49672101 -0.03407657  0.40969939]
 [ 0.19978833  0.61508838 -0.14227449 -0.38760749 -0.63078401  0.11567557]
 [ 0.47734987 -0.04186207 -0.77254499  0.01471684  0.32361335  0.26194794]
 [ 0.50901462 -0.22532791 -0.02793827 -0.01284069 -0.19240388 -0.80756843]
 [ 0.42057306  0.07156286  0.2537364   0.77086835 -0.27482622  0.28956422]
 [ 0.32288265  0.58403279  0.38526957 -0.0917017   0.61941586 -0.11888921]]
